# Final state angular momentum:   1
# Broadening parameter (in eV):    0.100
# Absorbing atom type (xiabs):   1
# Energy (eV)   sigma
  -10.00000000    0.00020479
   -9.91991992    0.00020693
   -9.83983984    0.00020909
   -9.75975976    0.00021130
   -9.67967968    0.00021354
   -9.59959960    0.00021581
   -9.51951952    0.00021812
   -9.43943944    0.00022048
   -9.35935936    0.00022287
   -9.27927928    0.00022530
   -9.19919920    0.00022778
   -9.11911912    0.00023029
   -9.03903904    0.00023285
   -8.95895896    0.00023546
   -8.87887888    0.00023811
   -8.79879880    0.00024080
   -8.71871872    0.00024355
   -8.63863864    0.00024634
   -8.55855856    0.00024919
   -8.47847848    0.00025208
   -8.39839840    0.00025503
   -8.31831832    0.00025804
   -8.23823824    0.00026109
   -8.15815816    0.00026421
   -8.07807808    0.00026738
   -7.99799800    0.00027062
   -7.91791792    0.00027391
   -7.83783784    0.00027727
   -7.75775776    0.00028069
   -7.67767768    0.00028418
   -7.59759760    0.00028774
   -7.51751752    0.00029137
   -7.43743744    0.00029507
   -7.35735736    0.00029885
   -7.27727728    0.00030270
   -7.19719720    0.00030663
   -7.11711712    0.00031063
   -7.03703704    0.00031473
   -6.95695696    0.00031890
   -6.87687688    0.00032317
   -6.79679680    0.00032752
   -6.71671672    0.00033197
   -6.63663664    0.00033651
   -6.55655656    0.00034115
   -6.47647648    0.00034590
   -6.39639640    0.00035074
   -6.31631632    0.00035570
   -6.23623624    0.00036076
   -6.15615616    0.00036594
   -6.07607608    0.00037124
   -5.99599600    0.00037666
   -5.91591592    0.00038220
   -5.83583584    0.00038787
   -5.75575576    0.00039368
   -5.67567568    0.00039962
   -5.59559560    0.00040571
   -5.51551552    0.00041194
   -5.43543544    0.00041833
   -5.35535536    0.00042487
   -5.27527528    0.00043158
   -5.19519520    0.00043845
   -5.11511512    0.00044550
   -5.03503504    0.00045272
   -4.95495495    0.00046014
   -4.87487487    0.00046774
   -4.79479479    0.00047555
   -4.71471471    0.00048357
   -4.63463463    0.00049180
   -4.55455455    0.00050025
   -4.47447447    0.00050893
   -4.39439439    0.00051786
   -4.31431431    0.00052703
   -4.23423423    0.00053646
   -4.15415415    0.00054616
   -4.07407407    0.00055614
   -3.99399399    0.00056642
   -3.91391391    0.00057699
   -3.83383383    0.00058788
   -3.75375375    0.00059910
   -3.67367367    0.00061066
   -3.59359359    0.00062258
   -3.51351351    0.00063487
   -3.43343343    0.00064754
   -3.35335335    0.00066063
   -3.27327327    0.00067413
   -3.19319319    0.00068808
   -3.11311311    0.00070248
   -3.03303303    0.00071737
   -2.95295295    0.00073277
   -2.87287287    0.00074870
   -2.79279279    0.00076518
   -2.71271271    0.00078224
   -2.63263263    0.00079992
   -2.55255255    0.00081823
   -2.47247247    0.00083722
   -2.39239239    0.00085691
   -2.31231231    0.00087736
   -2.23223223    0.00089858
   -2.15215215    0.00092064
   -2.07207207    0.00094356
   -1.99199199    0.00096741
   -1.91191191    0.00099223
   -1.83183183    0.00101807
   -1.75175175    0.00104501
   -1.67167167    0.00107311
   -1.59159159    0.00110243
   -1.51151151    0.00113306
   -1.43143143    0.00116508
   -1.35135135    0.00119858
   -1.27127127    0.00123367
   -1.19119119    0.00127046
   -1.11111111    0.00130908
   -1.03103103    0.00134968
   -0.95095095    0.00139244
   -0.87087087    0.00143756
   -0.79079079    0.00148530
   -0.71071071    0.00153599
   -0.63063063    0.00159009
   -0.55055055    0.00164826
   -0.47047047    0.00171160
   -0.39039039    0.00178205
   -0.31031031    0.00186358
   -0.23023023    0.00196560
   -0.15015015    0.00211382
   -0.07007007    0.00234474
    0.01001001    0.00257463
    0.09009009    0.00263855
    0.17017017    0.00249297
    0.25025025    0.00248430
    0.33033033    0.00254217
    0.41041041    0.00263005
    0.49049049    0.00273580
    0.57057057    0.00285521
    0.65065065    0.00298693
    0.73073073    0.00313088
    0.81081081    0.00328762
    0.89089089    0.00345813
    0.97097097    0.00364371
    1.05105105    0.00384597
    1.13113113    0.00406681
    1.21121121    0.00430849
    1.29129129    0.00457367
    1.37137137    0.00486548
    1.45145145    0.00518760
    1.53153153    0.00554440
    1.61161161    0.00594110
    1.69169169    0.00638392
    1.77177177    0.00688039
    1.85185185    0.00743963
    1.93193193    0.00807284
    2.01201201    0.00879382
    2.09209209    0.00961978
    2.17217217    0.01057239
    2.25225225    0.01167926
    2.33233233    0.01297600
    2.41241241    0.01450916
    2.49249249    0.01634059
    2.57257257    0.01855386
    2.65265265    0.02126417
    2.73273273    0.02463392
    2.81281281    0.02889797
    2.89289289    0.03440650
    2.97297297    0.04170034
    3.05305305    0.05165113
    3.13313313    0.06573838
    3.21321321    0.08664080
    3.29329329    0.11962347
    3.37337337    0.17618850
    3.45345345    0.28482623
    3.53353353    0.51870786
    3.61361361    0.98768435
    3.69369369    1.64545458
    3.77377377    1.83093244
    3.85385385    1.37662448
    3.93393393    0.68181704
    4.01401401    0.35635590
    4.09409409    0.21547162
    4.17417417    0.14634494
    4.25425425    0.11003747
    4.33433433    0.09354133
    4.41441441    0.09101397
    4.49449449    0.09405839
    4.57457457    0.08996717
    4.65465465    0.08763907
    4.73473473    0.07593165
    4.81481481    0.06042982
    4.89489489    0.05264170
    4.97497497    0.05872714
    5.05505506    0.08215260
    5.13513514    0.12226093
    5.21521522    0.13870829
    5.29529530    0.12953244
    5.37537538    0.10765033
    5.45545546    0.11040016
    5.53553554    0.09468632
    5.61561562    0.06958183
    5.69569570    0.06443945
    5.77577578    0.07754032
    5.85585586    0.09607775
    5.93593594    0.12131390
    6.01601602    0.11263093
    6.09609610    0.10540034
    6.17617618    0.07041598
    6.25625626    0.04763147
    6.33633634    0.04542723
    6.41641642    0.06064057
    6.49649650    0.06984145
    6.57657658    0.05851955
    6.65665666    0.04905944
    6.73673674    0.05150896
    6.81681682    0.06209857
    6.89689690    0.06384387
    6.97697698    0.07339007
    7.05705706    0.07992723
    7.13713714    0.05636102
    7.21721722    0.04119338
    7.29729730    0.04365594
    7.37737738    0.05334102
    7.45745746    0.05850297
    7.53753754    0.05298370
    7.61761762    0.05280025
    7.69769770    0.06429440
    7.77777778    0.05793050
    7.85785786    0.05744087
    7.93793794    0.05542399
    8.01801802    0.04312455
    8.09809810    0.03477827
    8.17817818    0.02791206
    8.25825826    0.02500726
    8.33833834    0.03191203
    8.41841842    0.03686523
    8.49849850    0.02712017
    8.57857858    0.02309983
    8.65865866    0.02818668
    8.73873874    0.04440285
    8.81881882    0.04244636
    8.89889890    0.02623948
    8.97897898    0.02138662
    9.05905906    0.02289464
    9.13913914    0.02497501
    9.21921922    0.03165610
    9.29929930    0.03467579
    9.37937938    0.03273423
    9.45945946    0.02706959
    9.53953954    0.02659902
    9.61961962    0.02431997
    9.69969970    0.02344817
    9.77977978    0.02791265
    9.85985986    0.03898355
    9.93993994    0.05112823
   10.02002002    0.07331007
   10.10010010    0.09472259
   10.18018018    0.11949303
   10.26026026    0.14200281
   10.34034034    0.17959481
   10.42042042    0.21394777
   10.50050050    0.23096258
   10.58058058    0.19621392
   10.66066066    0.13174098
   10.74074074    0.08633137
   10.82082082    0.06210944
   10.90090090    0.05657588
   10.98098098    0.05518419
   11.06106106    0.04360020
   11.14114114    0.03888170
   11.22122122    0.03326858
   11.30130130    0.03413801
   11.38138138    0.04830136
   11.46146146    0.06478064
   11.54154154    0.06042181
   11.62162162    0.05240192
   11.70170170    0.05368471
   11.78178178    0.06998345
   11.86186186    0.09962809
   11.94194194    0.13617379
   12.02202202    0.11749531
   12.10210210    0.08970305
   12.18218218    0.08939049
   12.26226226    0.08392072
   12.34234234    0.06013446
   12.42242242    0.05032693
   12.50250250    0.05031181
   12.58258258    0.05562484
   12.66266266    0.06361532
   12.74274274    0.04912395
   12.82282282    0.04754594
   12.90290290    0.04730055
   12.98298298    0.04103065
   13.06306306    0.04354080
   13.14314314    0.03865169
   13.22322322    0.03227058
   13.30330330    0.03501891
   13.38338338    0.04444018
   13.46346346    0.03900646
   13.54354354    0.02977083
   13.62362362    0.02770686
   13.70370370    0.03380194
   13.78378378    0.04858499
   13.86386386    0.06007564
   13.94394394    0.06642146
   14.02402402    0.07761259
   14.10410410    0.06520262
   14.18418418    0.06980202
   14.26426426    0.08804787
   14.34434434    0.07234375
   14.42442442    0.07380918
   14.50450450    0.11210619
   14.58458458    0.17002636
   14.66466466    0.17314231
   14.74474474    0.14561162
   14.82482482    0.09957154
   14.90490490    0.07939298
   14.98498498    0.08804699
   15.06506507    0.11495648
   15.14514515    0.10419933
   15.22522523    0.08364680
   15.30530531    0.06939058
   15.38538539    0.07902991
   15.46546547    0.09165714
   15.54554555    0.08575345
   15.62562563    0.07847556
   15.70570571    0.08920558
   15.78578579    0.07945347
   15.86586587    0.06564671
   15.94594595    0.06354500
   16.02602603    0.06998293
   16.10610611    0.08026691
   16.18618619    0.08550565
   16.26626627    0.08025602
   16.34634635    0.07586222
   16.42642643    0.07589118
   16.50650651    0.06951692
   16.58658659    0.06273399
   16.66666667    0.06350412
   16.74674675    0.05167949
   16.82682683    0.03870934
   16.90690691    0.04294063
   16.98698699    0.05804143
   17.06706707    0.05977346
   17.14714715    0.04243065
   17.22722723    0.02851879
   17.30730731    0.02743798
   17.38738739    0.03627502
   17.46746747    0.03223410
   17.54754755    0.02373538
   17.62762763    0.02511509
   17.70770771    0.03027538
   17.78778779    0.02999084
   17.86786787    0.03014648
   17.94794795    0.02645942
   18.02802803    0.02511148
   18.10810811    0.02911954
   18.18818819    0.03222350
   18.26826827    0.03185737
   18.34834835    0.02695090
   18.42842843    0.02422313
   18.50850851    0.02202529
   18.58858859    0.02392227
   18.66866867    0.02964569
   18.74874875    0.03918663
   18.82882883    0.04406123
   18.90890891    0.03763576
   18.98898899    0.03679515
   19.06906907    0.04249738
   19.14914915    0.03770296
   19.22922923    0.02564229
   19.30930931    0.02029151
   19.38938939    0.02163839
   19.46946947    0.03188794
   19.54954955    0.05254554
   19.62962963    0.05576529
   19.70970971    0.04790601
   19.78978979    0.04252384
   19.86986987    0.03309476
   19.94994995    0.02824985
   20.03003003    0.03528404
   20.11011011    0.05326624
   20.19019019    0.05407476
   20.27027027    0.05702869
   20.35035035    0.05740554
   20.43043043    0.05608399
   20.51051051    0.06153923
   20.59059059    0.06255755
   20.67067067    0.06772360
   20.75075075    0.06841728
   20.83083083    0.05819513
   20.91091091    0.05703976
   20.99099099    0.04067878
   21.07107107    0.02566427
   21.15115115    0.02002145
   21.23123123    0.02041731
   21.31131131    0.02053592
   21.39139139    0.01898119
   21.47147147    0.02118523
   21.55155155    0.02918520
   21.63163163    0.04188742
   21.71171171    0.05208656
   21.79179179    0.05313342
   21.87187187    0.04118431
   21.95195195    0.04430913
   22.03203203    0.04741470
   22.11211211    0.04386803
   22.19219219    0.04027398
   22.27227227    0.04272351
   22.35235235    0.06578046
   22.43243243    0.07400410
   22.51251251    0.04550475
   22.59259259    0.03156562
   22.67267267    0.03028325
   22.75275275    0.02795978
   22.83283283    0.02829480
   22.91291291    0.03197758
   22.99299299    0.03008171
   23.07307307    0.03159388
   23.15315315    0.03322834
   23.23323323    0.03221948
   23.31331331    0.02216994
   23.39339339    0.01656257
   23.47347347    0.01757598
   23.55355355    0.02488536
   23.63363363    0.03192738
   23.71371371    0.03564629
   23.79379379    0.03501461
   23.87387387    0.03248522
   23.95395395    0.02284000
   24.03403403    0.01554004
   24.11411411    0.01307402
   24.19419419    0.01380195
   24.27427427    0.01566398
   24.35435435    0.02011185
   24.43443443    0.03137204
   24.51451451    0.03325703
   24.59459459    0.03197843
   24.67467467    0.04370107
   24.75475475    0.03837877
   24.83483483    0.02866878
   24.91491491    0.03387092
   24.99499499    0.04416050
   25.07507508    0.03394869
   25.15515516    0.02416550
   25.23523524    0.02222546
   25.31531532    0.02017671
   25.39539540    0.02029966
   25.47547548    0.02036368
   25.55555556    0.02628844
   25.63563564    0.02780910
   25.71571572    0.02878981
   25.79579580    0.04381787
   25.87587588    0.05468231
   25.95595596    0.04106600
   26.03603604    0.04305014
   26.11611612    0.04088743
   26.19619620    0.03348003
   26.27627628    0.03133226
   26.35635636    0.03608265
   26.43643644    0.04244849
   26.51651652    0.05739922
   26.59659660    0.08257402
   26.67667668    0.10492857
   26.75675676    0.10004163
   26.83683684    0.07267312
   26.91691692    0.06475841
   26.99699700    0.06115796
   27.07707708    0.05129145
   27.15715716    0.04760810
   27.23723724    0.03954489
   27.31731732    0.03887915
   27.39739740    0.04105425
   27.47747748    0.04094770
   27.55755756    0.03790580
   27.63763764    0.03800681
   27.71771772    0.02944787
   27.79779780    0.02446593
   27.87787788    0.02936887
   27.95795796    0.03518052
   28.03803804    0.02693129
   28.11811812    0.02340412
   28.19819820    0.02849778
   28.27827828    0.04256613
   28.35835836    0.07073993
   28.43843844    0.07803261
   28.51851852    0.05028602
   28.59859860    0.04210494
   28.67867868    0.04703676
   28.75875876    0.04985956
   28.83883884    0.04327660
   28.91891892    0.03715800
   28.99899900    0.03710808
   29.07907908    0.03598579
   29.15915916    0.04082055
   29.23923924    0.04282453
   29.31931932    0.04252413
   29.39939940    0.04277443
   29.47947948    0.04037803
   29.55955956    0.03042992
   29.63963964    0.02609601
   29.71971972    0.02656011
   29.79979980    0.02561077
   29.87987988    0.02039197
   29.95995996    0.02236200
   30.04004004    0.03102918
   30.12012012    0.03115757
   30.20020020    0.02612408
   30.28028028    0.02103267
   30.36036036    0.02029492
   30.44044044    0.02365988
   30.52052052    0.02762568
   30.60060060    0.03986749
   30.68068068    0.05954346
   30.76076076    0.06036052
   30.84084084    0.05175599
   30.92092092    0.06085138
   31.00100100    0.05869730
   31.08108108    0.04726882
   31.16116116    0.04128738
   31.24124124    0.05162857
   31.32132132    0.06359422
   31.40140140    0.06213094
   31.48148148    0.05953536
   31.56156156    0.07162079
   31.64164164    0.07322275
   31.72172172    0.05821573
   31.80180180    0.03813826
   31.88188188    0.03245292
   31.96196196    0.03950656
   32.04204204    0.05302008
   32.12212212    0.05870252
   32.20220220    0.04957028
   32.28228228    0.04041304
   32.36236236    0.03406187
   32.44244244    0.03489645
   32.52252252    0.04593965
   32.60260260    0.06197748
   32.68268268    0.07778327
   32.76276276    0.09820098
   32.84284284    0.11871183
   32.92292292    0.11458726
   33.00300300    0.09932808
   33.08308308    0.08699863
   33.16316316    0.07242166
   33.24324324    0.07493428
   33.32332332    0.08757885
   33.40340340    0.08981224
   33.48348348    0.06088821
   33.56356356    0.04721313
   33.64364364    0.04564496
   33.72372372    0.05544289
   33.80380380    0.07407315
   33.88388388    0.08154804
   33.96396396    0.10369325
   34.04404404    0.10880211
   34.12412412    0.10363621
   34.20420420    0.09247276
   34.28428428    0.10403488
   34.36436436    0.13608859
   34.44444444    0.12753786
   34.52452452    0.08864906
   34.60460460    0.06086696
   34.68468468    0.05522995
   34.76476476    0.06206948
   34.84484484    0.06695902
   34.92492492    0.05957686
   35.00500501    0.05781256
   35.08508509    0.05286130
   35.16516517    0.04874176
   35.24524525    0.05460943
   35.32532533    0.07148063
   35.40540541    0.06963920
   35.48548549    0.05003922
   35.56556557    0.04350904
   35.64564565    0.04724042
   35.72572573    0.05346078
   35.80580581    0.04442519
   35.88588589    0.03741414
   35.96596597    0.03933242
   36.04604605    0.03569814
   36.12612613    0.03303388
   36.20620621    0.03344112
   36.28628629    0.04004697
   36.36636637    0.04342953
   36.44644645    0.05079787
   36.52652653    0.05707072
   36.60660661    0.04977110
   36.68668669    0.05259018
   36.76676677    0.04744923
   36.84684685    0.04131076
   36.92692693    0.04478404
   37.00700701    0.05143806
   37.08708709    0.04547144
   37.16716717    0.03245829
   37.24724725    0.03210908
   37.32732733    0.04058205
   37.40740741    0.03509042
   37.48748749    0.02396786
   37.56756757    0.02149614
   37.64764765    0.02681702
   37.72772773    0.03142268
   37.80780781    0.02938092
   37.88788789    0.03356364
   37.96796797    0.03884379
   38.04804805    0.04264524
   38.12812813    0.03632535
   38.20820821    0.02549120
   38.28828829    0.01659640
   38.36836837    0.01309772
   38.44844845    0.01203636
   38.52852853    0.01323162
   38.60860861    0.01757178
   38.68868869    0.02747158
   38.76876877    0.03323055
   38.84884885    0.03499666
   38.92892893    0.04390403
   39.00900901    0.04115620
   39.08908909    0.03657132
   39.16916917    0.04356961
   39.24924925    0.03451892
   39.32932933    0.02707987
   39.40940941    0.03070794
   39.48948949    0.03433113
   39.56956957    0.03927961
   39.64964965    0.03571969
   39.72972973    0.03270863
   39.80980981    0.03094425
   39.88988989    0.03109774
   39.96996997    0.02600007
   40.05005005    0.02032054
   40.13013013    0.01548894
   40.21021021    0.01362963
   40.29029029    0.01417300
   40.37037037    0.01360216
   40.45045045    0.01455178
   40.53053053    0.01720867
   40.61061061    0.02244111
   40.69069069    0.02627713
   40.77077077    0.02453455
   40.85085085    0.02199840
   40.93093093    0.02063158
   41.01101101    0.01737951
   41.09109109    0.01395191
   41.17117117    0.01465545
   41.25125125    0.01663899
   41.33133133    0.01453272
   41.41141141    0.01284099
   41.49149149    0.01236784
   41.57157157    0.01151489
   41.65165165    0.01303202
   41.73173173    0.01462018
   41.81181181    0.01276097
   41.89189189    0.01384789
   41.97197197    0.01634714
   42.05205205    0.01798461
   42.13213213    0.01616440
   42.21221221    0.01604193
   42.29229229    0.02078555
   42.37237237    0.02872977
   42.45245245    0.03547235
   42.53253253    0.04352711
   42.61261261    0.04156602
   42.69269269    0.03255661
   42.77277277    0.02734614
   42.85285285    0.02507211
   42.93293293    0.02016791
   43.01301301    0.01509491
   43.09309309    0.01285646
   43.17317317    0.01222974
   43.25325325    0.01384201
   43.33333333    0.01789249
   43.41341341    0.01993699
   43.49349349    0.01966835
   43.57357357    0.02102233
   43.65365365    0.01854291
   43.73373373    0.01513106
   43.81381381    0.01454463
   43.89389389    0.01929800
   43.97397397    0.02966941
   44.05405405    0.03312584
   44.13413413    0.02783933
   44.21421421    0.02490539
   44.29429429    0.02859684
   44.37437437    0.02742771
   44.45445445    0.02245346
   44.53453453    0.02100527
   44.61461461    0.01866055
   44.69469469    0.01648164
   44.77477477    0.01522454
   44.85485485    0.01736566
   44.93493493    0.02028225
   45.01501502    0.02692167
   45.09509510    0.02743959
   45.17517518    0.02466496
   45.25525526    0.02167786
   45.33533534    0.01924220
   45.41541542    0.01703739
   45.49549550    0.01595092
   45.57557558    0.01707228
   45.65565566    0.01597703
   45.73573574    0.01519300
   45.81581582    0.01731320
   45.89589590    0.01541754
   45.97597598    0.01250133
   46.05605606    0.01389373
   46.13613614    0.01510074
   46.21621622    0.01315544
   46.29629630    0.01336261
   46.37637638    0.01521644
   46.45645646    0.01619229
   46.53653654    0.01525212
   46.61661662    0.01247064
   46.69669670    0.01265330
   46.77677678    0.01418334
   46.85685686    0.01697764
   46.93693694    0.02110209
   47.01701702    0.02217002
   47.09709710    0.01810416
   47.17717718    0.01251202
   47.25725726    0.01009706
   47.33733734    0.01048839
   47.41741742    0.01077655
   47.49749750    0.01181208
   47.57757758    0.01140748
   47.65765766    0.01285149
   47.73773774    0.01767276
   47.81781782    0.02160433
   47.89789790    0.02313124
   47.97797798    0.02460440
   48.05805806    0.02313288
   48.13813814    0.01920574
   48.21821822    0.01694251
   48.29829830    0.01360503
   48.37837838    0.01249093
   48.45845846    0.01274411
   48.53853854    0.01630193
   48.61861862    0.02303168
   48.69869870    0.02099178
   48.77877878    0.01775961
   48.85885886    0.01686318
   48.93893894    0.01864129
   49.01901902    0.02340892
   49.09909910    0.02358019
   49.17917918    0.02325245
   49.25925926    0.02921823
   49.33933934    0.03199294
   49.41941942    0.02798115
   49.49949950    0.02985389
   49.57957958    0.02835558
   49.65965966    0.02719801
   49.73973974    0.02617144
   49.81981982    0.02777255
   49.89989990    0.02942169
   49.97997998    0.02294892
   50.06006006    0.02117522
   50.14014014    0.02593450
   50.22022022    0.03205703
   50.30030030    0.02673158
   50.38038038    0.02193588
   50.46046046    0.02033317
   50.54054054    0.02197626
   50.62062062    0.02188251
   50.70070070    0.01833140
   50.78078078    0.01798343
   50.86086086    0.01990421
   50.94094094    0.01974075
   51.02102102    0.01762185
   51.10110110    0.01682661
   51.18118118    0.01578044
   51.26126126    0.01735513
   51.34134134    0.01585039
   51.42142142    0.01581709
   51.50150150    0.01444840
   51.58158158    0.01269208
   51.66166166    0.01275489
   51.74174174    0.01239483
   51.82182182    0.01331062
   51.90190190    0.01549135
   51.98198198    0.01743209
   52.06206206    0.01870416
   52.14214214    0.01452914
   52.22222222    0.01249378
   52.30230230    0.01359142
   52.38238238    0.01715192
   52.46246246    0.02015735
   52.54254254    0.01571797
   52.62262262    0.01137595
   52.70270270    0.01075555
   52.78278278    0.01309502
   52.86286286    0.01413591
   52.94294294    0.01057644
   53.02302302    0.00867876
   53.10310310    0.00912383
   53.18318318    0.01147737
   53.26326326    0.01708750
   53.34334334    0.02298872
   53.42342342    0.02434096
   53.50350350    0.02299005
   53.58358358    0.02572742
   53.66366366    0.03431763
   53.74374374    0.02850731
   53.82382382    0.02157798
   53.90390390    0.02216919
   53.98398398    0.02176017
   54.06406406    0.01917553
   54.14414414    0.01917751
   54.22422422    0.02147959
   54.30430430    0.02711350
   54.38438438    0.02941717
   54.46446446    0.02556542
   54.54454454    0.02275271
   54.62462462    0.02405251
   54.70470470    0.02105105
   54.78478478    0.01788215
   54.86486486    0.01809195
   54.94494494    0.02312285
   55.02502503    0.03198416
   55.10510511    0.03714419
   55.18518519    0.03120695
   55.26526527    0.02352196
   55.34534535    0.02038715
   55.42542543    0.02089117
   55.50550551    0.02219952
   55.58558559    0.02668773
   55.66566567    0.03138202
   55.74574575    0.03293077
   55.82582583    0.03446004
   55.90590591    0.03277782
   55.98598599    0.03229013
   56.06606607    0.03259880
   56.14614615    0.03438778
   56.22622623    0.03239105
   56.30630631    0.03007114
   56.38638639    0.02304341
   56.46646647    0.01930369
   56.54654655    0.01865044
   56.62662663    0.01609828
   56.70670671    0.01664335
   56.78678679    0.01837147
   56.86686687    0.01615844
   56.94694695    0.01187389
   57.02702703    0.01026483
   57.10710711    0.01042457
   57.18718719    0.00892369
   57.26726727    0.00823239
   57.34734735    0.00945971
   57.42742743    0.01289090
   57.50750751    0.01508036
   57.58758759    0.01313447
   57.66766767    0.01432796
   57.74774775    0.01897730
   57.82782783    0.02070696
   57.90790791    0.01537302
   57.98798799    0.01193475
   58.06806807    0.01169556
   58.14814815    0.01278374
   58.22822823    0.01393172
   58.30830831    0.01683710
   58.38838839    0.01870187
   58.46846847    0.01955883
   58.54854855    0.01635811
   58.62862863    0.01358310
   58.70870871    0.01306114
   58.78878879    0.01495137
   58.86886887    0.01522004
   58.94894895    0.01343718
   59.02902903    0.01172088
   59.10910911    0.01146182
   59.18918919    0.01346768
   59.26926927    0.01482655
   59.34934935    0.01598140
   59.42942943    0.01552634
   59.50950951    0.01230465
   59.58958959    0.01078282
   59.66966967    0.01112636
   59.74974975    0.01305026
   59.82982983    0.01551320
   59.90990991    0.01568755
   59.98998999    0.01444703
   60.07007007    0.01211204
   60.15015015    0.01002322
   60.23023023    0.00949102
   60.31031031    0.01032230
   60.39039039    0.01351377
   60.47047047    0.01513205
   60.55055055    0.01362117
   60.63063063    0.01095279
   60.71071071    0.00902254
   60.79079079    0.00899855
   60.87087087    0.00812596
   60.95095095    0.00655466
   61.03103103    0.00650612
   61.11111111    0.00795547
   61.19119119    0.00954606
   61.27127127    0.00915243
   61.35135135    0.00835632
   61.43143143    0.00883577
   61.51151151    0.01032448
   61.59159159    0.00961738
   61.67167167    0.00976766
   61.75175175    0.01032916
   61.83183183    0.01137886
   61.91191191    0.01453636
   61.99199199    0.01513066
   62.07207207    0.01397324
   62.15215215    0.01496455
   62.23223223    0.01656446
   62.31231231    0.01328014
   62.39239239    0.01070700
   62.47247247    0.00993411
   62.55255255    0.01085116
   62.63263263    0.01214024
   62.71271271    0.01238899
   62.79279279    0.01169865
   62.87287287    0.01093279
   62.95295295    0.01008826
   63.03303303    0.00931434
   63.11311311    0.00841615
   63.19319319    0.00825787
   63.27327327    0.00859290
   63.35335335    0.00851216
   63.43343343    0.00760079
   63.51351351    0.00671960
   63.59359359    0.00695054
   63.67367367    0.00843703
   63.75375375    0.00988946
   63.83383383    0.01124689
   63.91391391    0.01194175
   63.99399399    0.01214102
   64.07407407    0.01176631
   64.15415415    0.01065321
   64.23423423    0.00885222
   64.31431431    0.00768598
   64.39439439    0.00665517
   64.47447447    0.00638542
   64.55455455    0.00709010
   64.63463463    0.00801754
   64.71471471    0.00778730
   64.79479479    0.00698876
   64.87487487    0.00601793
   64.95495495    0.00588551
   65.03503504    0.00613123
   65.11511512    0.00677114
   65.19519520    0.00824885
   65.27527528    0.00924555
   65.35535536    0.00826929
   65.43543544    0.00704299
   65.51551552    0.00663051
   65.59559560    0.00712859
   65.67567568    0.00739429
   65.75575576    0.00811601
   65.83583584    0.01005710
   65.91591592    0.01125814
   65.99599600    0.00940952
   66.07607608    0.00685657
   66.15615616    0.00538529
   66.23623624    0.00468120
   66.31631632    0.00418885
   66.39639640    0.00320449
   66.47647648    0.00269037
   66.55655656    0.00276364
   66.63663664    0.00309426
   66.71671672    0.00293034
   66.79679680    0.00282735
   66.87687688    0.00316680
   66.95695696    0.00342603
   67.03703704    0.00279088
   67.11711712    0.00270466
   67.19719720    0.00325864
   67.27727728    0.00370153
   67.35735736    0.00415179
   67.43743744    0.00503174
   67.51751752    0.00394196
   67.59759760    0.00267616
   67.67767768    0.00241144
   67.75775776    0.00256045
   67.83783784    0.00240067
   67.91791792    0.00245731
   67.99799800    0.00287087
   68.07807808    0.00291970
   68.15815816    0.00288556
   68.23823824    0.00301278
   68.31831832    0.00351979
   68.39839840    0.00426652
   68.47847848    0.00430174
   68.55855856    0.00389191
   68.63863864    0.00402909
   68.71871872    0.00495050
   68.79879880    0.00533174
   68.87887888    0.00569694
   68.95895896    0.00611895
   69.03903904    0.00636722
   69.11911912    0.00663379
   69.19919920    0.00646560
   69.27927928    0.00564549
   69.35935936    0.00496942
   69.43943944    0.00466362
   69.51951952    0.00478047
   69.59959960    0.00486672
   69.67967968    0.00416124
   69.75975976    0.00336436
   69.83983984    0.00293357
   69.91991992    0.00279012
   70.00000000    0.00287764
