# Final state angular momentum:   1
# Broadening parameter (in eV):    0.100
# Absorbing atom type (xiabs):   1
# Energy (eV)   sigma
  -10.00000000    0.00006722
   -9.91991992    0.00006764
   -9.83983984    0.00006807
   -9.75975976    0.00006850
   -9.67967968    0.00006893
   -9.59959960    0.00006937
   -9.51951952    0.00006981
   -9.43943944    0.00007025
   -9.35935936    0.00007070
   -9.27927928    0.00007115
   -9.19919920    0.00007161
   -9.11911912    0.00007207
   -9.03903904    0.00007254
   -8.95895896    0.00007301
   -8.87887888    0.00007349
   -8.79879880    0.00007397
   -8.71871872    0.00007446
   -8.63863864    0.00007495
   -8.55855856    0.00007544
   -8.47847848    0.00007594
   -8.39839840    0.00007645
   -8.31831832    0.00007696
   -8.23823824    0.00007748
   -8.15815816    0.00007800
   -8.07807808    0.00007852
   -7.99799800    0.00007905
   -7.91791792    0.00007959
   -7.83783784    0.00008014
   -7.75775776    0.00008068
   -7.67767768    0.00008124
   -7.59759760    0.00008180
   -7.51751752    0.00008237
   -7.43743744    0.00008294
   -7.35735736    0.00008352
   -7.27727728    0.00008410
   -7.19719720    0.00008469
   -7.11711712    0.00008529
   -7.03703704    0.00008589
   -6.95695696    0.00008650
   -6.87687688    0.00008712
   -6.79679680    0.00008774
   -6.71671672    0.00008837
   -6.63663664    0.00008901
   -6.55655656    0.00008966
   -6.47647648    0.00009031
   -6.39639640    0.00009097
   -6.31631632    0.00009163
   -6.23623624    0.00009231
   -6.15615616    0.00009299
   -6.07607608    0.00009368
   -5.99599600    0.00009438
   -5.91591592    0.00009508
   -5.83583584    0.00009580
   -5.75575576    0.00009652
   -5.67567568    0.00009725
   -5.59559560    0.00009799
   -5.51551552    0.00009873
   -5.43543544    0.00009949
   -5.35535536    0.00010026
   -5.27527528    0.00010103
   -5.19519520    0.00010181
   -5.11511512    0.00010261
   -5.03503504    0.00010341
   -4.95495495    0.00010422
   -4.87487487    0.00010505
   -4.79479479    0.00010588
   -4.71471471    0.00010672
   -4.63463463    0.00010758
   -4.55455455    0.00010844
   -4.47447447    0.00010932
   -4.39439439    0.00011020
   -4.31431431    0.00011110
   -4.23423423    0.00011201
   -4.15415415    0.00011293
   -4.07407407    0.00011386
   -3.99399399    0.00011481
   -3.91391391    0.00011576
   -3.83383383    0.00011673
   -3.75375375    0.00011771
   -3.67367367    0.00011871
   -3.59359359    0.00011972
   -3.51351351    0.00012074
   -3.43343343    0.00012177
   -3.35335335    0.00012282
   -3.27327327    0.00012389
   -3.19319319    0.00012497
   -3.11311311    0.00012606
   -3.03303303    0.00012717
   -2.95295295    0.00012829
   -2.87287287    0.00012943
   -2.79279279    0.00013059
   -2.71271271    0.00013176
   -2.63263263    0.00013295
   -2.55255255    0.00013415
   -2.47247247    0.00013537
   -2.39239239    0.00013662
   -2.31231231    0.00013787
   -2.23223223    0.00013915
   -2.15215215    0.00014045
   -2.07207207    0.00014176
   -1.99199199    0.00014310
   -1.91191191    0.00014445
   -1.83183183    0.00014583
   -1.75175175    0.00014723
   -1.67167167    0.00014864
   -1.59159159    0.00015008
   -1.51151151    0.00015155
   -1.43143143    0.00015303
   -1.35135135    0.00015454
   -1.27127127    0.00015607
   -1.19119119    0.00015763
   -1.11111111    0.00015921
   -1.03103103    0.00016082
   -0.95095095    0.00016246
   -0.87087087    0.00016412
   -0.79079079    0.00016581
   -0.71071071    0.00016753
   -0.63063063    0.00016928
   -0.55055055    0.00017105
   -0.47047047    0.00017286
   -0.39039039    0.00017470
   -0.31031031    0.00017658
   -0.23023023    0.00017849
   -0.15015015    0.00018044
   -0.07007007    0.00018242
    0.01001001    0.00018443
    0.09009009    0.00018646
    0.17017017    0.00018852
    0.25025025    0.00019062
    0.33033033    0.00019276
    0.41041041    0.00019495
    0.49049049    0.00019718
    0.57057057    0.00019945
    0.65065065    0.00020177
    0.73073073    0.00020413
    0.81081081    0.00020654
    0.89089089    0.00020900
    0.97097097    0.00021151
    1.05105105    0.00021406
    1.13113113    0.00021667
    1.21121121    0.00021933
    1.29129129    0.00022205
    1.37137137    0.00022482
    1.45145145    0.00022766
    1.53153153    0.00023055
    1.61161161    0.00023351
    1.69169169    0.00023653
    1.77177177    0.00023961
    1.85185185    0.00024277
    1.93193193    0.00024600
    2.01201201    0.00024930
    2.09209209    0.00025268
    2.17217217    0.00025614
    2.25225225    0.00025968
    2.33233233    0.00026331
    2.41241241    0.00026702
    2.49249249    0.00027084
    2.57257257    0.00027475
    2.65265265    0.00027876
    2.73273273    0.00028288
    2.81281281    0.00028711
    2.89289289    0.00029146
    2.97297297    0.00029593
    3.05305305    0.00030054
    3.13313313    0.00030529
    3.21321321    0.00031018
    3.29329329    0.00031524
    3.37337337    0.00032048
    3.45345345    0.00032590
    3.53353353    0.00033153
    3.61361361    0.00033740
    3.69369369    0.00034352
    3.77377377    0.00034995
    3.85385385    0.00035674
    3.93393393    0.00036395
    4.01401401    0.00037170
    4.09409409    0.00038014
    4.17417417    0.00038954
    4.25425425    0.00040035
    4.33433433    0.00041338
    4.41441441    0.00043034
    4.49449449    0.00045518
    4.57457457    0.00049806
    4.65465465    0.00057898
    4.73473473    0.00071184
    4.81481481    0.00077866
    4.89489489    0.00075399
    4.97497497    0.00070882
    5.05505506    0.00075566
    5.13513514    0.00075583
    5.21521522    0.00067207
    5.29529530    0.00064971
    5.37537538    0.00068836
    5.45545546    0.00079228
    5.53553554    0.00081240
    5.61561562    0.00077720
    5.69569570    0.00076972
    5.77577578    0.00077538
    5.85585586    0.00086691
    5.93593594    0.00093472
    6.01601602    0.00092960
    6.09609610    0.00089099
    6.17617618    0.00084743
    6.25625626    0.00090139
    6.33633634    0.00107415
    6.41641642    0.00124099
    6.49649650    0.00121734
    6.57657658    0.00112917
    6.65665666    0.00115886
    6.73673674    0.00111869
    6.81681682    0.00109488
    6.89689690    0.00122394
    6.97697698    0.00153299
    7.05705706    0.00174618
    7.13713714    0.00174345
    7.21721722    0.00151310
    7.29729730    0.00153926
    7.37737738    0.00170297
    7.45745746    0.00166291
    7.53753754    0.00174416
    7.61761762    0.00196043
    7.69769770    0.00238497
    7.77777778    0.00284725
    7.85785786    0.00330255
    7.93793794    0.00326080
    8.01801802    0.00335221
    8.09809810    0.00381884
    8.17817818    0.00423111
    8.25825826    0.00466493
    8.33833834    0.00454332
    8.41841842    0.00374431
    8.49849850    0.00372340
    8.57857858    0.00444325
    8.65865866    0.00453238
    8.73873874    0.00379340
    8.81881882    0.00367079
    8.89889890    0.00354304
    8.97897898    0.00328057
    9.05905906    0.00337961
    9.13913914    0.00379842
    9.21921922    0.00472263
    9.29929930    0.00654811
    9.37937938    0.00772218
    9.45945946    0.00798967
    9.53953954    0.00777489
    9.61961962    0.00825227
    9.69969970    0.01026791
    9.77977978    0.01267210
    9.85985986    0.01868654
    9.93993994    0.02824661
   10.02002002    0.03148408
   10.10010010    0.04191917
   10.18018018    0.05554572
   10.26026026    0.04804338
   10.34034034    0.03947816
   10.42042042    0.04136463
   10.50050050    0.04188243
   10.58058058    0.04262627
   10.66066066    0.05092724
   10.74074074    0.05281977
   10.82082082    0.05881764
   10.90090090    0.06604027
   10.98098098    0.06489738
   11.06106106    0.07380106
   11.14114114    0.07725907
   11.22122122    0.07517394
   11.30130130    0.08402571
   11.38138138    0.10111925
   11.46146146    0.13438040
   11.54154154    0.18295995
   11.62162162    0.21141432
   11.70170170    0.22210759
   11.78178178    0.16842383
   11.86186186    0.14433921
   11.94194194    0.15975123
   12.02202202    0.16565589
   12.10210210    0.15579762
   12.18218218    0.13682260
   12.26226226    0.13123700
   12.34234234    0.12415755
   12.42242242    0.10114172
   12.50250250    0.08923343
   12.58258258    0.08430049
   12.66266266    0.08065167
   12.74274274    0.09162832
   12.82282282    0.09925886
   12.90290290    0.08454204
   12.98298298    0.06848027
   13.06306306    0.06744557
   13.14314314    0.06811275
   13.22322322    0.07014484
   13.30330330    0.07328998
   13.38338338    0.09061507
   13.46346346    0.08455613
   13.54354354    0.05511779
   13.62362362    0.04167294
   13.70370370    0.03944633
   13.78378378    0.03946556
   13.86386386    0.05138523
   13.94394394    0.07708424
   14.02402402    0.09754642
   14.10410410    0.08022790
   14.18418418    0.05091156
   14.26426426    0.03774011
   14.34434434    0.03886796
   14.42442442    0.04628726
   14.50450450    0.06857297
   14.58458458    0.08340987
   14.66466466    0.07249280
   14.74474474    0.07978647
   14.82482482    0.08533555
   14.90490490    0.07348857
   14.98498498    0.07038062
   15.06506507    0.06036291
   15.14514515    0.05831231
   15.22522523    0.06499297
   15.30530531    0.08181380
   15.38538539    0.10183497
   15.46546547    0.11785140
   15.54554555    0.10328653
   15.62562563    0.09905185
   15.70570571    0.09255365
   15.78578579    0.09079283
   15.86586587    0.10997572
   15.94594595    0.11215222
   16.02602603    0.08643692
   16.10610611    0.08047569
   16.18618619    0.08607779
   16.26626627    0.07190418
   16.34634635    0.05872522
   16.42642643    0.06248604
   16.50650651    0.07085232
   16.58658659    0.08050255
   16.66666667    0.09216198
   16.74674675    0.11132611
   16.82682683    0.11911904
   16.90690691    0.11856863
   16.98698699    0.10872809
   17.06706707    0.11349512
   17.14714715    0.10541327
   17.22722723    0.08984451
   17.30730731    0.06350794
   17.38738739    0.04992136
   17.46746747    0.05339816
   17.54754755    0.05197102
   17.62762763    0.04538327
   17.70770771    0.04707705
   17.78778779    0.05556593
   17.86786787    0.06820834
   17.94794795    0.08706523
   18.02802803    0.11869486
   18.10810811    0.11768383
   18.18818819    0.12113497
   18.26826827    0.12129981
   18.34834835    0.08633698
   18.42842843    0.06618215
   18.50850851    0.06102357
   18.58858859    0.05895197
   18.66866867    0.05934689
   18.74874875    0.07372656
   18.82882883    0.10168851
   18.90890891    0.10465387
   18.98898899    0.08007462
   19.06906907    0.06915928
   19.14914915    0.05218335
   19.22922923    0.05079991
   19.30930931    0.07222935
   19.38938939    0.08897928
   19.46946947    0.06807287
   19.54954955    0.06695007
   19.62962963    0.08286508
   19.70970971    0.08696450
   19.78978979    0.07123173
   19.86986987    0.06554699
   19.94994995    0.07011394
   20.03003003    0.07460581
   20.11011011    0.07697917
   20.19019019    0.08794960
   20.27027027    0.11033540
   20.35035035    0.12553222
   20.43043043    0.13062908
   20.51051051    0.11766605
   20.59059059    0.08669028
   20.67067067    0.07381172
   20.75075075    0.07260445
   20.83083083    0.08648064
   20.91091091    0.12085120
   20.99099099    0.14061136
   21.07107107    0.14243142
   21.15115115    0.13438703
   21.23123123    0.13456833
   21.31131131    0.11870257
   21.39139139    0.10608615
   21.47147147    0.09672480
   21.55155155    0.09595127
   21.63163163    0.09979236
   21.71171171    0.09019570
   21.79179179    0.08367397
   21.87187187    0.08981805
   21.95195195    0.10186734
   22.03203203    0.10417574
   22.11211211    0.08056347
   22.19219219    0.06529564
   22.27227227    0.05967948
   22.35235235    0.05452756
   22.43243243    0.04559463
   22.51251251    0.04129240
   22.59259259    0.03139111
   22.67267267    0.02369256
   22.75275275    0.02118484
   22.83283283    0.02226160
   22.91291291    0.02660652
   22.99299299    0.02947185
   23.07307307    0.02776996
   23.15315315    0.03148801
   23.23323323    0.03620644
   23.31331331    0.04189427
   23.39339339    0.04360595
   23.47347347    0.03580711
   23.55355355    0.02959657
   23.63363363    0.03028138
   23.71371371    0.03480424
   23.79379379    0.04452915
   23.87387387    0.04515686
   23.95395395    0.03909904
   24.03403403    0.03591507
   24.11411411    0.02659729
   24.19419419    0.02494438
   24.27427427    0.02984273
   24.35435435    0.03221037
   24.43443443    0.02773326
   24.51451451    0.02558704
   24.59459459    0.02433015
   24.67467467    0.01899076
   24.75475475    0.01762240
   24.83483483    0.02111997
   24.91491491    0.03114893
   24.99499499    0.04295942
   25.07507508    0.04270974
   25.15515516    0.03356991
   25.23523524    0.03567713
   25.31531532    0.04758321
   25.39539540    0.04845612
   25.47547548    0.04601260
   25.55555556    0.03696600
   25.63563564    0.04073250
   25.71571572    0.05058877
   25.79579580    0.05933117
   25.87587588    0.06924657
   25.95595596    0.08550953
   26.03603604    0.08416431
   26.11611612    0.06479332
   26.19619620    0.06861830
   26.27627628    0.07241938
   26.35635636    0.07198921
   26.43643644    0.07352999
   26.51651652    0.08209370
   26.59659660    0.11370610
   26.67667668    0.16707087
   26.75675676    0.20827565
   26.83683684    0.25945410
   26.91691692    0.24050155
   26.99699700    0.18429717
   27.07707708    0.17117505
   27.15715716    0.16577802
   27.23723724    0.14666536
   27.31731732    0.14202151
   27.39739740    0.15450757
   27.47747748    0.18227596
   27.55755756    0.21613834
   27.63763764    0.23303129
   27.71771772    0.21128402
   27.79779780    0.18214490
   27.87787788    0.16927853
   27.95795796    0.19487056
   28.03803804    0.21143589
   28.11811812    0.21446360
   28.19819820    0.22420959
   28.27827828    0.19243452
   28.35835836    0.15067457
   28.43843844    0.13457617
   28.51851852    0.12576462
   28.59859860    0.12900797
   28.67867868    0.14931151
   28.75875876    0.15001090
   28.83883884    0.15719432
   28.91891892    0.15032652
   28.99899900    0.11881624
   29.07907908    0.12795412
   29.15915916    0.13426571
   29.23923924    0.13019563
   29.31931932    0.12253941
   29.39939940    0.12898148
   29.47947948    0.14544797
   29.55955956    0.13279256
   29.63963964    0.10976617
   29.71971972    0.09474899
   29.79979980    0.10183736
   29.87987988    0.09617916
   29.95995996    0.06998624
   30.04004004    0.06199914
   30.12012012    0.07435507
   30.20020020    0.08187333
   30.28028028    0.08413719
   30.36036036    0.09589216
   30.44044044    0.12131241
   30.52052052    0.12033147
   30.60060060    0.10346827
   30.68068068    0.08098231
   30.76076076    0.06946865
   30.84084084    0.05013098
   30.92092092    0.03750976
   31.00100100    0.02646111
   31.08108108    0.02040177
   31.16116116    0.01990547
   31.24124124    0.02226784
   31.32132132    0.01902098
   31.40140140    0.01515831
   31.48148148    0.01518386
   31.56156156    0.01949738
   31.64164164    0.02521534
   31.72172172    0.02927065
   31.80180180    0.02525778
   31.88188188    0.01963034
   31.96196196    0.02092993
   32.04204204    0.01890553
   32.12212212    0.01671941
   32.20220220    0.01279070
   32.28228228    0.01194081
   32.36236236    0.01272235
   32.44244244    0.01258821
   32.52252252    0.01041816
   32.60260260    0.00985524
   32.68268268    0.01101928
   32.76276276    0.01329521
   32.84284284    0.01622555
   32.92292292    0.01985279
   33.00300300    0.01884206
   33.08308308    0.01767246
   33.16316316    0.02165860
   33.24324324    0.02500485
   33.32332332    0.02728037
   33.40340340    0.03128407
   33.48348348    0.03602755
   33.56356356    0.03375079
   33.64364364    0.02588520
   33.72372372    0.02040970
   33.80380380    0.01987733
   33.88388388    0.01836971
   33.96396396    0.01508334
   34.04404404    0.01209621
   34.12412412    0.01062575
   34.20420420    0.01060199
   34.28428428    0.01437591
   34.36436436    0.01651888
   34.44444444    0.01272335
   34.52452452    0.00886051
   34.60460460    0.00727243
   34.68468468    0.00783075
   34.76476476    0.00954365
   34.84484484    0.01079039
   34.92492492    0.01150612
   35.00500501    0.01528127
   35.08508509    0.01696721
   35.16516517    0.01399577
   35.24524525    0.01294536
   35.32532533    0.01319776
   35.40540541    0.01441132
   35.48548549    0.01579001
   35.56556557    0.01431712
   35.64564565    0.01023157
   35.72572573    0.00979276
   35.80580581    0.01338402
   35.88588589    0.01508242
   35.96596597    0.01443764
   36.04604605    0.01613051
   36.12612613    0.02089856
   36.20620621    0.02089411
   36.28628629    0.01716676
   36.36636637    0.01357670
   36.44644645    0.01300336
   36.52652653    0.01575947
   36.60660661    0.01675644
   36.68668669    0.01433288
   36.76676677    0.01379790
   36.84684685    0.01320963
   36.92692693    0.01323177
   37.00700701    0.01486688
   37.08708709    0.01929454
   37.16716717    0.02320732
   37.24724725    0.02171579
   37.32732733    0.01622530
   37.40740741    0.01201518
   37.48748749    0.01067156
   37.56756757    0.01065887
   37.64764765    0.01162519
   37.72772773    0.01330220
   37.80780781    0.01765039
   37.88788789    0.01957306
   37.96796797    0.02128906
   38.04804805    0.01804183
   38.12812813    0.01301585
   38.20820821    0.01098123
   38.28828829    0.01017973
   38.36836837    0.00977607
   38.44844845    0.00862436
   38.52852853    0.00826773
   38.60860861    0.00713058
   38.68868869    0.00828294
   38.76876877    0.01102049
   38.84884885    0.01285151
   38.92892893    0.01325724
   39.00900901    0.01379101
   39.08908909    0.01655287
   39.16916917    0.01953910
   39.24924925    0.01833289
   39.32932933    0.01711439
   39.40940941    0.01645363
   39.48948949    0.01593282
   39.56956957    0.01427260
   39.64964965    0.01413371
   39.72972973    0.01497109
   39.80980981    0.01627723
   39.88988989    0.01940574
   39.96996997    0.01896017
   40.05005005    0.01549167
   40.13013013    0.01373234
   40.21021021    0.01076868
   40.29029029    0.00915148
   40.37037037    0.00965834
   40.45045045    0.01022628
   40.53053053    0.01116352
   40.61061061    0.01114735
   40.69069069    0.01078967
   40.77077077    0.01080701
   40.85085085    0.01072438
   40.93093093    0.01026239
   41.01101101    0.00984243
   41.09109109    0.01035882
   41.17117117    0.01212239
   41.25125125    0.01194776
   41.33133133    0.01115307
   41.41141141    0.01167169
   41.49149149    0.01238678
   41.57157157    0.01240432
   41.65165165    0.01148588
   41.73173173    0.01229739
   41.81181181    0.01216062
   41.89189189    0.01452154
   41.97197197    0.02048549
   42.05205205    0.02047037
   42.13213213    0.01949846
   42.21221221    0.02113276
   42.29229229    0.02364080
   42.37237237    0.02639671
   42.45245245    0.02410759
   42.53253253    0.02606371
   42.61261261    0.02866824
   42.69269269    0.02782197
   42.77277277    0.02396866
   42.85285285    0.02264259
   42.93293293    0.02106324
   43.01301301    0.01756873
   43.09309309    0.01723921
   43.17317317    0.01799404
   43.25325325    0.02415880
   43.33333333    0.02965362
   43.41341341    0.02887576
   43.49349349    0.02553513
   43.57357357    0.02480349
   43.65365365    0.02744626
   43.73373373    0.03235732
   43.81381381    0.03252345
   43.89389389    0.02559336
   43.97397397    0.02307699
   44.05405405    0.02248614
   44.13413413    0.01951797
   44.21421421    0.01606083
   44.29429429    0.01520375
   44.37437437    0.01779367
   44.45445445    0.02263525
   44.53453453    0.02575545
   44.61461461    0.02324702
   44.69469469    0.02159748
   44.77477477    0.01992371
   44.85485485    0.01914412
   44.93493493    0.01956066
   45.01501502    0.02195242
   45.09509510    0.03020143
   45.17517518    0.03604770
   45.25525526    0.03372644
   45.33533534    0.03281196
   45.41541542    0.03596506
   45.49549550    0.03582948
   45.57557558    0.02813620
   45.65565566    0.02427956
   45.73573574    0.02591023
   45.81581582    0.02652223
   45.89589590    0.02442990
   45.97597598    0.01960628
   46.05605606    0.01913537
   46.13613614    0.02185677
   46.21621622    0.02202874
   46.29629630    0.02352681
   46.37637638    0.02579696
   46.45645646    0.02421114
   46.53653654    0.02269627
   46.61661662    0.02235728
   46.69669670    0.01965303
   46.77677678    0.01850424
   46.85685686    0.02212306
   46.93693694    0.02621786
   47.01701702    0.02692945
   47.09709710    0.02921901
   47.17717718    0.03444389
   47.25725726    0.03705329
   47.33733734    0.03595233
   47.41741742    0.03064867
   47.49749750    0.02543669
   47.57757758    0.02164808
   47.65765766    0.01842688
   47.73773774    0.01672424
   47.81781782    0.01859232
   47.89789790    0.02160948
   47.97797798    0.02163059
   48.05805806    0.02009414
   48.13813814    0.01508884
   48.21821822    0.01275616
   48.29829830    0.01251592
   48.37837838    0.01289819
   48.45845846    0.01447670
   48.53853854    0.01426852
   48.61861862    0.01338284
   48.69869870    0.01444644
   48.77877878    0.01473499
   48.85885886    0.01648633
   48.93893894    0.02154347
   49.01901902    0.02370346
   49.09909910    0.01829599
   49.17917918    0.01520358
   49.25925926    0.01549809
   49.33933934    0.01666231
   49.41941942    0.01501529
   49.49949950    0.01323850
   49.57957958    0.01322993
   49.65965966    0.01178598
   49.73973974    0.01335515
   49.81981982    0.01693717
   49.89989990    0.01783071
   49.97997998    0.01517299
   50.06006006    0.01443879
   50.14014014    0.01409014
   50.22022022    0.01534585
   50.30030030    0.01543876
   50.38038038    0.01376633
   50.46046046    0.01349870
   50.54054054    0.01492684
   50.62062062    0.01689405
   50.70070070    0.01542940
   50.78078078    0.01260585
   50.86086086    0.01189940
   50.94094094    0.01281704
   51.02102102    0.01288706
   51.10110110    0.01304889
   51.18118118    0.01319124
   51.26126126    0.01134920
   51.34134134    0.01115283
   51.42142142    0.01237575
   51.50150150    0.01374955
   51.58158158    0.01394749
   51.66166166    0.01320280
   51.74174174    0.01279241
   51.82182182    0.01250132
   51.90190190    0.01401469
   51.98198198    0.01572473
   52.06206206    0.01562638
   52.14214214    0.01564493
   52.22222222    0.01433101
   52.30230230    0.01233753
   52.38238238    0.01214263
   52.46246246    0.01210383
   52.54254254    0.01196183
   52.62262262    0.01214271
   52.70270270    0.01376072
   52.78278278    0.01468719
   52.86286286    0.01788580
   52.94294294    0.01864225
   53.02302302    0.01633540
   53.10310310    0.01411191
   53.18318318    0.01350206
   53.26326326    0.01364824
   53.34334334    0.01252843
   53.42342342    0.01108611
   53.50350350    0.01010756
   53.58358358    0.01010371
   53.66366366    0.01121707
   53.74374374    0.01119707
   53.82382382    0.01040331
   53.90390390    0.01012671
   53.98398398    0.01076303
   54.06406406    0.00974513
   54.14414414    0.00814036
   54.22422422    0.00780509
   54.30430430    0.00753659
   54.38438438    0.00705413
   54.46446446    0.00646164
   54.54454454    0.00650535
   54.62462462    0.00774601
   54.70470470    0.00903842
   54.78478478    0.00921869
   54.86486486    0.00877358
   54.94494494    0.00646426
   55.02502503    0.00555460
   55.10510511    0.00601939
   55.18518519    0.00679597
   55.26526527    0.00677526
   55.34534535    0.00660692
   55.42542543    0.00724418
   55.50550551    0.00731196
   55.58558559    0.00683165
   55.66566567    0.00682363
   55.74574575    0.00719739
   55.82582583    0.00821159
   55.90590591    0.00821878
   55.98598599    0.00692825
   56.06606607    0.00566498
   56.14614615    0.00537547
   56.22622623    0.00630946
   56.30630631    0.00805679
   56.38638639    0.00969131
   56.46646647    0.00951153
   56.54654655    0.00892159
   56.62662663    0.00886432
   56.70670671    0.00813027
   56.78678679    0.00717080
   56.86686687    0.00729947
   56.94694695    0.00758547
   57.02702703    0.00798424
   57.10710711    0.00832746
   57.18718719    0.00756797
   57.26726727    0.00685290
   57.34734735    0.00683179
   57.42742743    0.00732488
   57.50750751    0.00870685
   57.58758759    0.01048052
   57.66766767    0.00845442
   57.74774775    0.00600067
   57.82782783    0.00577436
   57.90790791    0.00658551
   57.98798799    0.00749746
   58.06806807    0.00666434
   58.14814815    0.00549701
   58.22822823    0.00597755
   58.30830831    0.00795957
   58.38838839    0.01035474
   58.46846847    0.01062718
   58.54854855    0.00965723
   58.62862863    0.00918796
   58.70870871    0.00815506
   58.78878879    0.00742291
   58.86886887    0.00700061
   58.94894895    0.00682805
   59.02902903    0.00691822
   59.10910911    0.00707939
   59.18918919    0.00781362
   59.26926927    0.00936378
   59.34934935    0.01085197
   59.42942943    0.00989276
   59.50950951    0.00854413
   59.58958959    0.00839331
   59.66966967    0.00867117
   59.74974975    0.00883630
   59.82982983    0.00918121
   59.90990991    0.01039491
   59.98998999    0.01063039
   60.07007007    0.00994048
   60.15015015    0.01015155
   60.23023023    0.00886698
   60.31031031    0.00716919
   60.39039039    0.00727729
   60.47047047    0.00782229
   60.55055055    0.00810672
   60.63063063    0.00898292
   60.71071071    0.00929531
   60.79079079    0.00740714
   60.87087087    0.00571207
   60.95095095    0.00541816
   61.03103103    0.00578227
   61.11111111    0.00622718
   61.19119119    0.00657589
   61.27127127    0.00731264
   61.35135135    0.00810679
   61.43143143    0.00782159
   61.51151151    0.00718121
   61.59159159    0.00663644
   61.67167167    0.00677906
   61.75175175    0.00716313
   61.83183183    0.00572236
   61.91191191    0.00425674
   61.99199199    0.00402232
   62.07207207    0.00458241
   62.15215215    0.00497500
   62.23223223    0.00483605
   62.31231231    0.00526929
   62.39239239    0.00606310
   62.47247247    0.00538124
   62.55255255    0.00458546
   62.63263263    0.00480772
   62.71271271    0.00535345
   62.79279279    0.00609170
   62.87287287    0.00702780
   62.95295295    0.00661914
   63.03303303    0.00563681
   63.11311311    0.00573923
   63.19319319    0.00620766
   63.27327327    0.00705162
   63.35335335    0.00888498
   63.43343343    0.00935078
   63.51351351    0.00916862
   63.59359359    0.00938280
   63.67367367    0.00844149
   63.75375375    0.00840245
   63.83383383    0.00886434
   63.91391391    0.00947117
   63.99399399    0.00979488
   64.07407407    0.01189716
   64.15415415    0.01450775
   64.23423423    0.01298134
   64.31431431    0.00929281
   64.39439439    0.00788500
   64.47447447    0.00792800
   64.55455455    0.00784555
   64.63463463    0.00836837
   64.71471471    0.00843274
   64.79479479    0.00754236
   64.87487487    0.00734953
   64.95495495    0.00627605
   65.03503504    0.00505384
   65.11511512    0.00526231
   65.19519520    0.00692189
   65.27527528    0.00828255
   65.35535536    0.00729198
   65.43543544    0.00602807
   65.51551552    0.00561832
   65.59559560    0.00592672
   65.67567568    0.00578519
   65.75575576    0.00568916
   65.83583584    0.00660325
   65.91591592    0.00887658
   65.99599600    0.00990710
   66.07607608    0.00778738
   66.15615616    0.00573468
   66.23623624    0.00518165
   66.31631632    0.00573878
   66.39639640    0.00703851
   66.47647648    0.00700774
   66.55655656    0.00522975
   66.63663664    0.00450626
   66.71671672    0.00452702
   66.79679680    0.00494603
   66.87687688    0.00490477
   66.95695696    0.00417173
   67.03703704    0.00346046
   67.11711712    0.00294879
   67.19719720    0.00262514
   67.27727728    0.00259629
   67.35735736    0.00241712
   67.43743744    0.00242838
   67.51751752    0.00243983
   67.59759760    0.00256150
   67.67767768    0.00272384
   67.75775776    0.00327821
   67.83783784    0.00362855
   67.91791792    0.00366164
   67.99799800    0.00328392
   68.07807808    0.00313017
   68.15815816    0.00321320
   68.23823824    0.00300776
   68.31831832    0.00237616
   68.39839840    0.00199535
   68.47847848    0.00206036
   68.55855856    0.00192805
   68.63863864    0.00158664
   68.71871872    0.00148948
   68.79879880    0.00180713
   68.87887888    0.00263537
   68.95895896    0.00294398
   69.03903904    0.00295303
   69.11911912    0.00364173
   69.19919920    0.00404219
   69.27927928    0.00420612
   69.35935936    0.00497375
   69.43943944    0.00502885
   69.51951952    0.00409722
   69.59959960    0.00338843
   69.67967968    0.00333242
   69.75975976    0.00349346
   69.83983984    0.00350411
   69.91991992    0.00376590
   70.00000000    0.00446111
